0.0941799, 
0.597348, 
1.16417,
0.107981, 
0.00321577, 
0.532446, 
2.31007, 
1.08812, 
0.000409018, 
0.000669384, 
0.832959, 
1.02948, 
0.016893, 
0.934442, 
0.176741, 
0.1088, 
0.0619859, 
2.25608, 
2.51618, 
0.219588, 
0.000826632, 
1.01017, 
3.00349, 
0.675327, 
0.277863, 
0.165575, 
0.458579, 
0.331025, 
0.972302, 
3.45551, 
0.843852, 
0.00270986, 
0.607079, 
5.02749, 
3.87951, 
0.0719655, 
0.0752056, 
1.04107, 
2.94948, 
0.0345451, 
2.66131, 
1.56061, 
0.0775017, 
0.00168159, 
4.96573, 
9.66628, 
1.96916, 
0.00243065, 
1.43715, 
9.49045, 
4.77106, 
0.383121, 
1.77086, 
0.505347, 
2.2706, 
1.44217, 
15.6523, 
8.41745, 
0.0412433, 
0.782871, 
20.7276, 
30.2225, 
3.26695, 
0.990934, 
2.14066, 
22.9341, 
4.93257, 
16.5014, 
28.6315, 
0.160629, 
1.32295, 
41.0257, 
194.221, 
101.072, 
0.487741, 
14.1378, 
444.661, 
784.623, 
4.36435, 
1834.8, 
4275, 
1834.8, 
4.36435, 
784.623, 
444.661, 
14.1378, 
0.487741, 
101.072, 
194.221, 
41.0257, 
1.32295, 
0.160629, 
28.6315, 
16.5014, 
4.93257, 
22.9341, 
2.14066, 
0.990934, 
3.26695, 
30.2225, 
20.7276, 
0.782871, 
0.0412433, 
8.41745, 
15.6523, 
1.44217, 
2.2706, 
0.505347, 
1.77086, 
0.383121, 
4.77106, 
9.49045,
1.43715, 
0.00243065, 
1.96916, 
9.66628, 
4.96573, 
0.00168159, 
0.0775017, 
1.56061, 
2.66131, 
0.0345451,
2.94948, 
1.04107, 
0.0752056, 
0.0719655, 
3.87951, 
5.02749, 
0.607079, 
0.00270986, 
0.843852, 
3.45551, 
0.972302, 
0.331025, 
0.458579, 
0.165575, 
0.277863, 
0.675327, 
3.00349, 
1.01017, 
0.000826632, 
0.219588, 
2.51618, 
2.25608, 
0.0619859, 
0.1088, 
0.176741, 
0.934442, 
0.016893, 
1.02948, 
0.832959, 
0.000669384, 
0.000409018, 
1.08812, 
2.31007, 
0.532446, 
0.00321577, 
0.107981, 
1.16417, 
0.597348, 
0.0941799